106
58
72
106
25
69
134
109
86
29
32
40
39
57
87
85
0
40
47
141
94
56
16
94
31
40
72
144
133
120
11
106
47
27
88
69
96
92
29
141
32
96
27
11
11
40
47
17
102
21
28
144
106
119
56
141
21
88
58
49
86
28
13
100
80
11
0
57
141
47
0
40
17
106
98
35
22
40
4
27
85
35
91
17
114
115
58
9
49
133
11
58
116
133
67
60
25
85
51
86
13
57
83
66
24
20
61
125
57
131
86
119
101
16
85
141
100
22
136
24
80
78
40
13
69
92
45
13
35
96
115
29
88
17
25
16
96
22
22
69
133
91
11
68
5
27
40
133
133
142
29
133
122
3
60
40
85
86
147
13
40
106
29
141
58
40
40
40
56
125
40
57
77
13
45
109
13
21
29
88
78
123
72
57
62
27
86
115
119
115
64
51
57
105
131
45
32
80
96
104
27
40
65
102
40
115
29
40
13
27
20
40
29
58
78
29
133
142
126
131
3
40
62
11
86
94
40
135
104
96
17
133
57
40
57
60
10
86
115
35
3
147
92
131
17
29
66
85
40
92
60
88
131
0
45
94
134
11
69
115
57
44
29
45
13
40
44
96
113
100
57
82
88
106
131
46
13
100
40
106
109
57
11
101
13
136
142
86
116
20
57
134
29
96
106
40
5
40
5
98
11
141
57
17
132
57
134
29
60
29
96
17
40
22
27
24
139
29
51
142
119
22
46
20
57
38
21
147
147
101
126
115
40
143
142
29
96
40
51
40
142
57
70
106
24
58
101
92
58
40
142
141
5
5
35
57
35
40
31
96
13
27
23
87
57
58
96
25
78
86
96
60
141
17
57
32
24
69
72
57
29
27
89
10
147
35
106
88
74
21
27
119
3
141
92
25
24
85
67
40
119
16
58
57
119
92
40
96
41
94
96
40
146
29
57
65
119
106
131
62
64
25
57
57
57
11
96
40
131
105
134
57
106
25
91
109
105
40
136
98
92
136
29
108
10
40
105
51
94
85
92
105
29
62
40
23
13
76
60
11
142
44
34
69
85
29
44
24
62
40
57
13
40
49
23
119
133
57
106
24
57
142
77
101
115
40
16
16
131
141
11
21
96
29
57
57
94
61
13
40
119
3
34
27
27
131
45
17
22
72
11
67
40
10
142
101
58
106
58
86
40
17
132
92
115
66
136
86
29
122
119
27
40
106
16
32
40
51
40
29
40
96
40
24
10
17
128
25
135
11
21
40
92
106
29
126
133
40
85
120
46
27
62
106
13
40
13
131
94
85
29
77
44
17
40
133
69
29
62
115
57
102
40
35
147
28
28
85
76
62
85
106
91
11
45
80
40
29
133
21
56
131
109
119
86
44
126
82
40
69
134
88
119
96
67
94
119
67
40
17
106
69
126
133
13
92
45
35
13
27
3
21
115
110
29
92
98
27
134
144
101
141
17
3
125
80
0
22
131
40
136
51
136
40
72
45
0
29
106
104
13
119
32
126
53
40
85
16
106
57
29
13
115
110
141
88
94
96
24
116
76
10
28
21
141
40
96
57
102
88
57
20
104
141
40
40
91
134
46
136
57
104
27
96
94
62
57
40
92
46
57
98
23
85
28
40
147
85
69
40
136
40
5
85
95
57
113
126
83
147
40
102
35
132
40
17
115
119
4
57
29
25
85
88
40
147
131
13
0
106
51
64
85
147
57
96
40
58
89
94
144
29
20
23
35
112
27
34
57
35
116
13
147
76
110
131
91
27
65
88
40
105
66
62
106
11
105
116
96
141
57
57
133
149
21
126
115
57
57
69
40
13
44
32
40
3
49
58
13
34
119
45
32
0
13
133
23
76
69
24
149
72
36
40
48
106
77
60
29
106
22
13
58
132
119
149
94
77
96
147
101
85
57
32
3
25
45
141
23
88
86
133
116
67
80
110
49
57
11
13
94
22
40
11
51
49
66
40
88
58
44
149
96
95
92
96
45
103
49
27
40
49
149
149
149
20
120
55
17
86
88
10
147
147
101
149
114
47
119
23
132
21
17
115
141
16
46
102
57
149
13
94
40
46
32
104
62
106
29
29
29
77
94
126
57
92
106
65
27
27
105
116
92
11
62
45
29
57
60
11
88
13
39
3
26
96
45
131
45
35
85
51
120
44
119
35
47
11
29
114
35
20
82
141
10
40
10
17
132
85
45
27
57
60
102
64
46
56
0
106
141
86
40
96
115
62
40
94
77
16
79
28
29
11
13
11
27
22
132
82
85
13
60
57
76
17
40
32
27
17
67
49
17
141
40
147
32
134
141
17
29
10
133
17
40
132
90
13
96
149
27
32
58
27
96
100
5
13
106
34
85
13
17
29
40
17
46
100
85
40
32
88
126
107
141
128
22
57
32
91
34
144
9
67
134
149
20
3
40
96
57
141
40
5
65
40
58
29
58
58
136
141
94
96
57
85
90
105
69
46
114
40
96
69
101
57
134
105
57
105
62
23
55
120
94
57
109
126
88
40
40
46
149
27
17
11
13
76
96
35
106
27
11
29
40
16
57
80
57
29
15
119
94
88
11
72
11
141
27
136
13
10
92
66
67
58
40
21
134
85
17
35
88
133
35
147
120
57
57
17
88
94
13
134
27
106
70
85
29
5
57
94
110
11
99
40
109
40
13
11
13
65
29
142
132
96
102
72
112
32
27
6
115
145
136
103
96
46
46
88
27
144
131
11
13
80
96
66
80
25
35
13
77
29
113
98
60
92
29
57
45
87
20
72
141
76
9
147
46
128
101
133
85
106
67
39
57
132
92
105
27
40
45
57
134
88
92
28
32
80
40
85
82
13
29
13
89
83
11
57
17
98
105
29
29
60
67
66
40
133
46
126
116
11
134
10
40
114
57
96
40
85
20
144
96
40
91
78
40
5
85
106
88
40
58
147
40
21
100
86
29
27
57
32
141
141
57
94
24
40
27
3
106
96
65
40
28
27
133
133
92
72
133
92
102
29
29
27
40
57
44
119
40
17
128
134
57
29
32
16
69
11
134
44
96
45
106
13
17
134
40
40
28
21
119
60
40
66
57
96
92
11
13
96
91
89
104
55
40
69
86
57
29
144
28
66
133
14
13
27
132
35
32
92
96
40
89
40
3
122
133
72
17
40
27
57
144
27
46
40
142
29
49
110
126
136
131
131
24
40
126
132
57
58
57
86
27
85
62
49
90
22
46
17
86
28
40
83
0
29
29
126
40
141
92
57
27
29
72
57
45
80
94
16
61
141
57
27
59
23
92
17
20
21
40
27
40
32
116
141
35
67
88
116
13
114
13
88
119
11
72
138
13
16
29
92
86
0
27
20
60
32
96
106
88
40
11
51
100
40
126
115
45
116
102
78
106
85
20
29
126
142
116
66
69
17
77
11
57
113
47
78
29
13
146
57
40
88
80
29
20
11
101
57
94
102
98
133
62
66
40
142
147
29
40
102
46
58
132
100
40
96
92
57
11
40
94
133
40
106
128
11
27
86
99
142
35
119
66
80
17
147
126
126
126
27
80
106
57
27
60
11
27
69
29
67
96
80
11
88
86
106
57
16
51
29
45
77
10
40
133
115
32
82
3
86
134
88
40
40
40
106
85
57
32
115
126
92
11
49
25
149
101
40
57
3
57
57
3
88
80
44
96
141
96
80
98
10
141
57
40
40
24
80
40
40
57
45
17
86
92
17
29
62
13
11
10
22
83
105
83
46
100
105
110
98
13
5
13
94
23
113
128
88
10
35
85
82
106
27
40
78
46
31
35
57
40
132
17
77
55
58
120
96
60
134
142
142
85
67
35
100
38
149
132
35
96
142
11
65
17
141
13
134
82
141
40
57
58
5
102
80
21
28
80
115
89
22
131
23
69
20
56
40
145
86
98
126
85
115
21
40
57
133
40
62
29
57
132
44
17
57
17
27
45
64
11
96
17
98
102
17
94
29
58
21
106
94
86
51
57
24
10
10
119
132
17
29
131
85
94
147
106
17
27
29
58
17
40
88
17
40
3
100
119
31
141
85
9
44
57
91
69
134
96
57
22
142
135
101
58
29
40
108
40
98
126
40
13
22
62
133
85
133
27
94
29
29
61
17
13
80
40
115
96
27
66
29
124
22
16
147
116
60
119
94
57
136
142
29
132
87
29
147
40
11
17
105
55
69
126
131
22
40
105
22
57
57
40
119
85
60
107
11
57
57
131
147
33
15
47
29
16
61
132
16
126
77
44
119
132
142
57
23
40
11
106
24
40
57
96
62
113
17
80
40
85
96
57
13
51
24
13
22
96
77
45
20
10
40
44
101
31
3
96
40
98
5
76
40
13
21
62
115
141
10
147
57
105
22
40
40
24
85
92
141
40
1
40
147
35
115
49
132
116
